(Transform "BSplineTransform")
(NumberOfParameters 375)
(TransformParameters 0.002541 -0.017485 0.010060 0.049902 0.000084 -0.003264 -0.920075 0.241486 1.521078 0.046658 -0.038460 -1.116673 -0.093141 1.469135 0.085131 0.017424 0.459188 -0.136636 -0.519942 -0.009197 0.001692 0.033970 0.004093 -0.030016 -0.001695 0.146106 0.327392 -0.455331 0.571126 -0.026606 1.461964 0.741337 7.205502 20.244189 0.145971 -0.465792 -15.986733 -5.279147 22.997022 1.703714 -0.067676 6.843211 -9.608657 -13.513438 0.169995 0.053407 1.310050 0.090021 -1.135164 -0.049301 0.494767 3.161983 -1.848227 -2.027215 -0.206317 7.917291 70.664705 -4.667507 -52.195352 -5.357365 2.370846 3.221846 -11.609337 -6.603618 -0.994856 -1.285167 1.707667 4.289990 0.418973 1.720903 0.103384 3.789997 1.817550 -1.937433 -0.052178 0.232678 2.067756 0.300908 -1.270632 -0.121822 4.279711 43.104708 -0.357244 -43.163120 -3.953884 2.187431 1.753163 1.302322 -10.127390 -2.769628 -0.610076 -9.505725 12.194208 16.770346 0.719097 0.023992 1.046015 0.967225 -0.098668 0.001412 0.006870 0.059891 0.026187 -0.027539 -0.003728 0.109500 0.759343 -0.019109 -0.871139 -0.116347 0.049318 -0.925819 -0.085248 0.421688 -0.098593 -0.013446 -0.604930 0.216308 0.711233 0.010444 0.000310 0.002776 0.004357 0.006393 0.000021 0.002694 -0.046783 -0.258583 -0.079141 0.001007 0.007258 -0.946313 -3.532368 -1.341008 -0.016168 -0.047473 -1.239705 -2.749408 -1.694863 -0.071764 -0.013295 0.053079 0.797291 -0.054208 -0.018348 0.003256 0.076919 0.195025 0.077898 0.003076 0.117611 0.277410 -1.097156 0.037401 0.054454 0.972026 -4.329662 -38.176432 -12.707769 0.128922 -0.123099 -10.419393 -35.414457 -26.728506 -1.042487 0.002499 5.499131 27.018833 1.569726 -0.198692 0.126790 2.802499 7.397520 3.010673 0.122688 0.230914 1.778746 3.253009 2.109241 0.105936 2.749481 25.144421 11.536253 20.694523 1.574029 3.107219 19.718019 -23.079978 9.031613 1.383895 1.394685 -23.793800 -68.842425 -4.260204 1.073079 0.265401 0.754517 1.950421 4.180720 0.300121 0.050662 0.099225 -1.407004 -0.348360 0.006184 0.796860 10.289804 -1.023635 7.714338 0.625969 1.877410 30.950336 49.588856 33.568959 1.471666 0.968088 -0.487875 -5.106687 11.670892 0.837779 0.073156 -0.750514 -1.689681 0.952016 0.088919 0.000658 -0.007296 -0.071816 -0.028322 -0.000686 0.003653 -0.062943 -0.607535 -0.085418 0.001950 0.030959 1.340386 3.709076 1.368588 0.026931 0.027611 1.101400 3.228158 1.085118 0.020605 0.001564 0.032496 0.105129 0.046623 0.001374 0.000362 -0.005651 -0.027312 -0.009916 -0.000103 0.013205 0.290424 0.904242 0.271364 0.006953 0.038760 0.840537 2.585491 1.240054 0.061257 0.011058 0.154154 0.499402 0.439834 0.029542 0.000351 0.001853 0.006093 0.012421 0.000974 0.019155 -0.264177 -1.779388 -0.644425 -0.005272 0.261899 5.592333 9.768434 -0.734014 -0.133615 0.719647 16.296983 40.747042 15.856319 0.665876 0.322338 1.234597 2.479002 6.908091 0.517593 0.025117 0.020016 -0.132477 0.323411 0.029460 0.018533 -0.557936 -1.797522 -0.825493 -0.033786 -0.499312 -8.929875 -10.449398 -20.537914 -1.571698 0.762159 15.088848 27.428325 4.562786 -0.729301 1.077876 3.873762 -1.904914 17.184614 0.987615 0.061029 -0.451315 -1.717891 0.528179 0.067779 -0.005648 -0.103101 0.910300 0.198963 -0.017000 -0.384793 -8.098912 -5.529986 -8.686448 -0.731774 0.432498 7.172689 12.529746 5.483497 -0.281784 0.537433 5.953105 9.577658 12.110505 0.464223 0.014425 -0.271974 -0.833476 0.133806 0.020557 -0.000063 0.004318 0.042039 0.010842 -0.000203 0.000309 0.078720 0.405653 0.028348 -0.005346 0.025385 0.720219 1.513040 0.651682 0.013511 0.012669 0.349215 0.824420 0.436283 0.011622 0.000203 0.002222 0.004110 0.004975 0.000293)
(InitialTransformParametersFileName "NoInitialTransform")
(UseBinaryFormatForTransformationParameters "false")
(HowToCombineTransforms "Compose")

// Image specific
(FixedImageDimension 3)
(MovingImageDimension 3)
(FixedInternalImagePixelType "float")
(MovingInternalImagePixelType "float")
(Size 430 496 345)
(Index 0 0 0)
(Spacing 0.5000000000 0.5000000000 0.5000000000)
(Origin 0.0000000000 0.0000000000 0.0000000000)
(Direction 1.0000000000 0.0000000000 0.0000000000 0.0000000000 1.0000000000 0.0000000000 0.0000000000 0.0000000000 1.0000000000)
(UseDirectionCosines "true")

// BSplineTransform specific
(GridSize 5 5 5)
(GridIndex 0 0 0)
(GridSpacing 128.0000000000 128.0000000000 128.0000000000)
(GridOrigin -148.7500000000 -132.2500000000 -170.0000000000)
(GridDirection 1.0000000000 0.0000000000 0.0000000000 0.0000000000 1.0000000000 0.0000000000 0.0000000000 0.0000000000 1.0000000000)
(BSplineTransformSplineOrder 3)
(UseCyclicTransform "false")

// ResampleInterpolator specific
(ResampleInterpolator "FinalBSplineInterpolator")
(FinalBSplineInterpolationOrder 3)

// Resampler specific
(Resampler "DefaultResampler")
(DefaultPixelValue -1000.000000)
(ResultImageFormat "nii")
(ResultImagePixelType "float")
(CompressResultImage "false")
