539
590
594
397
409
607
586
564
634
514
570
632
536
593
572
667
611
579
535
616
473
635
430
604
685
635
971
726
587
551
613
551
792
567
541
662
598
647
547
576
509
428
630
577
676
572
655
586
525
652
523
631
599
773
465
703
530
609
596
635
530
579
644
504
662
643
512
726
526
592
565
564
695
525
504
689
633
563
620
486
568
621
700
555
512
559
590
673
535
593
554
467
627
562
595
652
506
506
594
577
474
644
564
575
668
423
579
537
614
675
443
511
575
655
474
560
576
616
757
559
464
649
601
673
591
